-1.17666658
0.475375635
-0.429666252
-1.919297029
5.227922678
-0.988684496
7.109366628
2.795885913
-4.541518521
-4.20229066
-5.651432189
6.763051378
0.580018102
1.803549743
0.827646011
-1.382046232
0.665038534
-5.12646055
-1.42944809
0.119536274
2.331558023
2.67652001
5.640126246
5.887543534
1.546195607
0.797214542
-7.191293937
4.359222204
-0.619995752
-0.923376927
2.451461298
4.860334752
-3.84356234
-1.044449761
0.277994368
5.820776347
2.652504933
-6.141646247
-2.531208846
0.329644734
-10.25165565
5.998707039
-8.178971618
-1.776948111
-4.006042736
0.305863239
4.702062222
4.002490632
3.775076821
-2.419304533
4.588379686
7.388738398
9.499779417
1.228656102
8.715322378
-1.695478231
9.447114807
4.9823626
0.530711818
2.713774774
-0.860605409
1.525902734
12.56245175
3.120179325
-3.530223176
3.944581575
1.48869144
-7.093059458
-0.549328845
-2.859589734
8.995597287
-1.255428519
-3.492803534
0.184755645
-5.69294821
2.219498641
-0.325252477
-4.331546528
1.133489632
9.948981007
-0.548024528
-0.298173903
2.521944872
2.775802496
7.844182089
1.665305634
4.82840724
3.020998259
2.76100655
1.879331976
4.22755752
3.244968969
0.207460721
3.953885259
5.58526063
4.688355138
0.084725679
6.826192727
4.449848727
2.108589845
11.13124457
1.498922287
-0.104735827
-3.110824779
2.664265549
-0.300077684
-0.425200607
0.000453826
-1.964682241
4.671361854
-0.001662634
2.459093327
3.467540601
5.740105341
-1.080359165
1.668689363
7.75888131
-0.677077085
-1.120855295
2.780033405
-2.217966675
8.240555
-2.356468739
2.077521269
-1.965947627
3.84735872
2.34788687
-2.184278701
8.414373614
-6.684662844
-2.24911952
-2.860913885
-1.62139892
2.340812361
7.137234494
0.725361599
4.077434364
4.890462099
-1.16178132
-4.108667206
7.037065542
2.188565966
-1.373941124
0.314995436
-8.954350533
-0.933516623
-5.972719504
-3.006679412
-1.655157749
-2.486761884
5.205303381
-0.106832882
-1.829719427
3.14270718
-1.689161409
4.304127867
-1.8781297
-1.591330797
-3.186557619
-1.27256448
-2.349652168
8.397787632
6.564356981
1.275806236
0.16401062
2.070673393
1.242039564
-0.70662378
-5.511866828
-4.673793991
4.843434569
-1.609818268
-0.368733686
-3.702573238
1.950824127
2.090739451
2.567292062
2.631127476
6.375536765
-2.590632768
-2.609186615
3.055408327
-2.074431382
2.989668389
-5.763820391
0.085606331
-9.295754666
3.413709353
-2.750097118
2.155831995
0.399334401
0.380035529
3.617188725
4.453069917
0.315322239
1.906045668
3.735467357
2.883869111
9.494133365
7.927033497
0.665690616
-3.120013149
2.962058903
3.779470474
-2.061127587
7.043167021
0.777158532
-4.61712568
2.057619224
-0.337253396
-1.626584802
8.765767545
3.924104464
-0.872421763
1.699748005
5.484322784
1.176252962
1.455116935
2.965868535
2.24642062
-2.850717997
-3.178073373
-2.428723716
5.848962301
0.703149627
-4.390085645
-6.245653997
-6.087176499
-1.241455666
-0.080073885
-3.448878504
-0.099702407
1.028141523
4.572908458
3.141021227
0.436619708
3.712071882
5.881288726
-3.215922228
3.494024825
-1.831534729
7.665687109
3.885847077
0.332778121
3.575281968
-0.003067471
3.789178806
-0.780907819
1.501399397
5.480522077
-3.096768014
4.921560944
4.389813831
-0.591764141
0.068450389
2.289666945
5.464109143
-1.056580608
-3.803141759
-1.807770913
5.411806689
0.675476049
-1.698232925
-10.97630574
-6.895073278
4.433159474
5.768362528
-2.772962368
2.713509329
6.163554647
5.328293358
-8.539778081
-0.045427101
-0.975359248
-2.112222968
1.379156378
-4.611576114
-5.974787167
-1.766250423
-3.470764703
-3.696635778
-4.629358359
-2.818537777
-5.850658217
7.877886978
0.829761399
7.099743838
1.542655973
1.386082636
-4.52243033
-0.8724814
-1.058119182
0.941804835
3.757188179
4.713535118
9.118684581
1.716424591
-4.279421476
-6.060473975
-9.143694068
2.50386446
-4.562756045
3.393990418
-0.74179761
0.911352578
2.175316342
2.372620285
-5.612212778
-0.581441693
1.051176911
7.098818327
-1.066943584
-0.344970433
-3.237382335
-7.805515431
-1.951267831
3.782016563
-0.865729399
0.466168128
-1.789552018
0.997073515
1.534687088
3.058093159
6.046407162
-3.378290899
1.824294651
7.040178549
9.09613581
4.423318378
1.479284546
4.495049057
8.655824906
2.619706828
5.3463297
3.767830282
-2.889040422
-0.459386263
-4.196804983
-0.407422355
-3.703609295
10.90142814
10.04960553
-4.573439209
3.939944087
2.440599156
3.226973498
-0.875533931
3.510959318
3.479975228
-1.69727688
5.426635091
-5.640601903
0.799929878
-6.829190329
-4.027252005
-1.862756684
2.360307662
2.008230856
3.627136461
-0.99053323
3.911015265
-6.862057802
-3.317901335
-0.020931815
-5.239999405
1.718287531
-0.984752227
7.450051356
2.164661285
-2.409167094
-0.395704951
-1.395479299
4.357763631
2.286095705
-3.348642211
5.107726176
1.544437386
-1.793685398
0.946010352
0.874364539
6.433456597
3.861432895
-3.847971742
-0.66598297
4.50971322
6.956956952
-2.20322229
2.414310254
-0.513489315
-6.79034922
3.863605788
-3.389292136
0.033286986
2.3003577
-1.308093876
-11.1028082
-0.712759506
0.808681351
5.581082457
-4.22697434
7.994415148
-2.011445389
-4.54063179
5.546629973
-1.786923381
5.823526029
5.927340359
-6.578776066
-3.676813547
7.997638046
1.59760245
-2.763516811
3.43697657
4.036799831
-0.583492434
6.790547208
0.438438522
0.682915171
4.989062066
3.832513371
0.967548669
-0.560481645
5.758081726
2.41943649
7.471866895
2.536657199
-9.936977493
3.598786887
1.45521138
6.08536135
-0.043202734
-6.323316617
-2.984480027
1.120376909
5.093195181
3.380932781
-4.075693952
3.137463686
2.714602239
3.232682491
5.790452077
1.880882556
-0.835629561
4.967402215
-2.442442188
-6.817958518
-7.154319542
2.326328946
1.577981965
5.380954643
-1.161419865
4.444318659
-1.46240171
-0.66698368
0.020754966
0.557185594
0.938232395
3.747469818
-2.288089271
-1.959730992
-1.387206822
-2.763253285
-1.203074638
3.407122542
2.017797375
-2.743328809
-1.282699643
1.679785927
-7.541441087
-3.761330921
6.255662654
5.437323936
0.618585567
-0.628154135
4.832023875
0.528161507
-2.632198952
-0.390411759
0.884410257
1.86956918
-3.489601239
4.958630181
3.960951131
-0.823193973
-3.321804607
1.252571598
0.649292643
-4.693346491
7.713077762
-5.530807939
0.506669397
3.13105167
-1.877509215
3.590363669
6.994172416
-0.405182887
-0.222438996
3.976496731
3.183714489
3.313841149
2.23657158
5.049351576
5.443396741
-0.090498915
4.188371395
3.210586907
7.15070983
3.636307163
-1.117406193
-3.043726833
2.829304533
4.20452971
-4.197363859
0.311832623
2.165052608
0.702378368
-6.289570932
0.402458107
3.781755416
1.817791121
0.551489918
-0.137261715
-1.949963802
-3.663505544
4.793376516
6.022767822
-2.87205734
-3.508268059
3.140384968
0.648633943
8.588916249
-1.072935496
-2.26576292
0.00904844
6.821350312
4.016482764
-2.642381101
2.187151181
-5.278365355
6.856051612
2.420607596
0.121264376
1.308871024
-4.588722009
-2.546862905
10.71067238
-8.472936475
-4.36137075
0.811756268
3.65678832
6.340360534
0.733724545
-1.591760577
-1.023708224
-1.547374986
-6.230152088
5.761904571
-4.228523656
1.014023938
-3.340185952
7.104025313
4.542316571
-0.280520483
-0.136417397
1.324219414
3.327720458
3.528770784
-4.461771826
-5.355600264
-6.190352145
-7.146333087
-1.496998348
4.974746427
-1.449406541
4.544552614
7.414614489
7.951097101
-2.520256146
-0.14892978
-7.094147037
3.331046959
5.494744498
1.214254751
2.635075423
1.538469664
-0.96097784
-0.73342215
1.528509142
6.159884833
2.061222661
4.775703755
2.391884132
6.590685811
-1.396554817
-3.430787114
2.632546241
2.922083815
3.406605025
-1.21973058
-2.978723248
0.610507928
2.483061596
4.691090711
-8.916125087
2.904391337
0.724947962
2.631964845
7.914585876
-0.982006926
1.367325249
8.762424216
4.193496927
-0.648982102
0.696626248
-3.556818413
0.313301039
-0.205013149
2.251670176
4.129586243
4.574984784
2.551654115
1.111312424
0.651599204
-1.931242938
5.264755305
2.484138832
-4.450406262
3.257478009
-4.567649945
4.705109644
6.776621992
8.253800579
-2.260271725
-7.523662174
0.063328222
4.925254103
-4.249184348
-7.843679038
-0.078937941
0.317980058
3.510756639
3.130817175
2.602917798
1.068661623
0.485826811
1.428859651
1.122525844
4.984515874
-3.139267964
8.972812255
4.280689142
7.143740906
2.569641034
-4.305488358
-2.811918277
-5.86985608
-5.056023377
0.26562105
2.151062076
10.35185552
-0.059182052
-0.884922212
-2.104067545
-1.212922039
2.189598343
1.99303182
7.614840528
4.633379513
-3.886161456
-0.072652572
1.732312641
1.91875297
3.33848669
-5.66420482
0.813703482
6.839906653
4.45010393
11.98921147
9.032637219
-3.078657944
0.44902432
-1.866290726
2.035261903
3.341960631
6.7508241
4.169689758
-3.392708051
3.494412904
-5.793517461
4.441557034
-7.357039187
2.700524869
2.883754038
0.02314152
-9.896883859
5.567695958
6.859992267
4.116029085
-1.211020695
-6.364564479
0.854935004
-7.773896254
-4.225768703
3.182040063
7.515020587
5.478260904
1.953485253
-6.511154251
8.271511243
6.763263809
6.895007135
-3.27911818
-2.310498009
3.418155841
-4.901799619
-4.312544066
4.174371921
-1.274415269
3.581687992
2.774537061
3.081597783
-0.291510116
4.285250765
-5.578654924
4.518524057
-6.355247571
5.201386355
-6.577550446
1.993937603
0.837789064
0.232525879
-3.424644377
1.452044993
-1.802174691
-1.448715371
-3.39675276
0.489739775
4.502854721
6.587624534
0.143314745
6.596619856
-4.350178248
-2.376340741
0.407562452
4.611313501
2.408877462
-12.4291175
3.444112488
-0.907987631
1.77163111
-6.229151717
6.736535735
2.654731479
-2.84299965
1.331595329
1.359401336
-3.579966304
9.265525116
-4.599782867
7.489640652
1.894506629
-2.742640582
-2.208333404
0.843520702
-2.45917874
1.688260495
-2.851161189
-1.410259205
4.083668725
-2.861482469
-3.033724368
2.565434179
-4.985620831
-4.261350131
-1.964105496
-0.377060474
4.286931277
1.886955304
3.085528691
6.012624193
2.107181709
-7.138649124
9.18143175
-13.66668277
-0.029291771
5.174928759
-3.635657036
-6.997969957
-2.310367049
-4.078254534
-2.864232776
-0.27269652
-0.424056015
4.028450066
0.762817568
-8.508736824
-3.889688215
5.114913466
11.09949258
-2.301408643
5.723737485
-4.542306865
4.189787287
1.951457953
-2.396056448
-4.977743665
-6.45568982
4.249772015
4.409635356
6.315521224
3.386956313
-0.568946988
9.417385297
10.53289241
5.361065442
-2.269312423
1.898822335
-2.218626126
4.411461958
3.489855239
2.300021434
-3.936775813
0.869052231
-4.245120675
0.956232907
-0.573176454
1.721543767
-1.053829664
-1.690726109
4.99992335
-3.929575123
2.082851415
-1.896948442
4.939257556
0.167583641
-0.20363958
1.109247743
5.909610514
3.239777516
4.804723972
-4.93444539
-1.843487375
3.755932017
2.0363577
1.614921476
-4.082940929
-0.873662227
4.94995084
2.615952038
1.66789103
0.668883669
0.633011391
-4.231373694
0.698255467
5.125285551
3.689800327
-0.692526729
1.820715802
0.469123922
4.742038504
2.20524973
-1.077361068
5.867814413
5.962847178
-1.029426875
-0.721044481
4.535530741
-2.021225296
2.015116976
3.945027121
7.118469223
7.004604474
-0.948998983
2.737881789
2.353236778
1.901623757
7.580257891
1.612890835
-4.155966499
-1.205475611
-1.256250908
5.422813792
5.863472963
4.420555352
-4.51286258
1.934566967
2.874058373
2.148505744
4.992697667
-4.543533181
-0.843696691
-4.567161731
4.555148041
-5.991411872
-3.127820185
4.446178096
-1.720663517
4.394086097
1.233246322
-3.671991413
2.610529481
-2.292308169
1.652435979
-3.204858226
1.984789207
9.9921804
-8.457797988
7.009393306
10.53750933
0.445185173
1.088626419
-8.838096971
1.117752791
-2.737952498
-3.632768069
4.49136147
-5.687517759
2.412280073
-6.165970157
3.02351665
6.968668989
-3.330542433
4.029263413
-0.122472621
-5.759252267
3.427829699
-0.68320854
4.28836978
-7.926749935
-0.355554722
-2.174994582
-3.037998399
1.325974937
7.072035126
-3.738215715
2.162144557
-3.536320923
-1.688561424
-0.204514145
-1.038856185
-6.488260562
5.112815072
-3.457995486
-8.408735674
7.544915374
3.571777101
3.136574245
4.302395659
3.685042802
5.989131671
4.320842302
-0.234270174
-0.498853217
4.412022924
0.212444917
-0.449004124
-0.420850014
0.59081408
-0.833267615
2.267404542
-1.631572625
1.894546123
2.449727322
-2.855035599
-4.838139889
-4.512914966
2.515180173
2.764607815
-1.458783749
1.023519918
2.58862877
4.47678447
-2.911798302
4.478041581
-2.406987045
-3.572911612
-11.69850712
3.574071831
-5.550704985
7.838366975
0.443391399
-0.690758496
-0.742668805
7.201151432
3.499678367
1.137634982
-3.965104985
-4.719185333
5.560841758
8.849337678
1.050222577
0.795469413
5.025855962
0.770347227
-1.30796006
1.309800929
2.073474669
5.411713746
7.305633386
3.987576936
0.707808342
-2.440757284
-7.363237069
4.456667857
-1.613870558
6.331844387
4.743874921
2.532184015
-8.122201587
1.531835286
2.524462686
6.232591961
-4.271888655
3.195753476
-2.423098307
2.678676566
6.964141888
-2.298768845
-5.547718295
7.247204476
0.342880657
0.079794444
-4.112149121
1.755002906
0.519641004
-1.82060915
4.424694273
-6.345408174
1.808221258
-1.992266958
4.744691123
4.956622214
4.403457588
-2.409299331
2.875469695
-8.391009069
6.870851234
-4.940943657
5.55734036
7.693339398
0.146089758
9.177594168
-1.935217671
9.254367487
-5.830192609
-1.425671799
-3.234246215
5.419218412
5.324389454
6.938388449
-3.579563647
-5.435382821
-3.60870921
0.176488141
3.623571809
4.119723551
-1.312336503
-3.457407317
5.085640018
5.194622657
-3.503685137
7.142999596
2.803552478
-0.308888777
-1.538344882
7.273832628
-2.222084093
2.547239285
-2.8257027
12.75545555
-0.459444293
0.998170761
2.749262758
-1.611665484
-3.011451206
-3.533506637
7.388911214
1.076218948
-7.622404019
-0.061001935
6.618080478
3.639296383
6.48501308
2.324018206
-0.777166042
0.664228363
5.796324835
7.824095431
1.554032464
4.853779315
2.098548274
3.799798909
0.791079024
1.178967499
-5.856175996
4.032926135
4.736625726
6.156638693
-2.522719478
0.312089312
0.286648038
3.433637468
1.454335295
-8.615315977
4.685407694
3.988842006
9.175897121
10.995714
1.869320385
1.31745284
-0.536245494
5.904939378
5.483314796
-5.501563568
1.761451166
0.812066217
1.446781096
-3.427656492
-1.450225258
1.304147498
2.229343733
2.259220113
2.317232485
5.792726801
-4.511495216
-1.297707774
1.664999804
2.969075713
8.494147098
0.247400566
-1.231679316
0.544150043
-0.624994767
2.84213045
-2.620083022
2.667697045
0.162138804
4.040621411
2.188127317
-0.103855112
-0.404424685
-2.829005142
-2.728318455
0.4881972
0.886633114
0.834279041
-8.128530298
0.332710178
2.884397739
1.597865239
-0.158019585
4.614463332
-1.874879263
-0.005160878
-1.976315926
-6.887336275
0.757211055
5.242766909
-1.906538022
-0.521417726
0.240672025
-2.164269347
-1.671231752
0.473774091
7.123261746
-3.762197605
4.119687485
0.336374601
6.13083309
3.97320794
-1.812210651
6.006984638
4.648438959
-7.839536289
4.456938752
-7.281712081
10.12239452
4.686201951
6.991274956
-4.337239394
6.969180775
3.325980367
1.064435787
1.677833471
7.079295197
-2.505481698
11.22073726
5.208253312
-6.55232255
-1.318872829
-1.407580697
4.58053383
1.458481043
-5.496701734
0.680005308
6.816011338
-1.912295432
-4.008199707
-6.604517344
0.785652426
-0.141820008
5.265080186
1.678569459
-7.29697173
3.478498728
2.183993984
-5.610649511
-0.200193119
-4.677843657
9.128379439
0.276912451
-3.294126798
-6.058771243
3.57107456
-0.38720132
9.421826733
-1.991873376
8.694109063
1.396620216
1.60312051
-2.152990468
-2.98434818
3.845364626
1.635166278
-8.425130077
3.366937148
0.741020834
6.193311967
5.021070009
5.029387263
2.454871597
1.950414991
5.594242829
-2.479925848
8.038085742
4.971691856
7.488242529
6.00813149
-3.213272644
-1.684043537
-1.332527729
0.456538708
-0.673437939
2.302521664
-1.871940303
-1.25981304
5.418477974
5.663997475
-4.804210884
5.239852912
-0.926335558
-4.692542535
-2.296759065
-0.539029404
6.982765897
-3.233517519
2.251382336
1.69628301
-3.616578719
9.195179525
-8.01218151
6.059560488
6.202162838
-5.678712049
-2.830248983
-3.992777534
-2.682114672
-8.628227687
1.069286374
2.690188061
-3.658216878
-3.601643241
6.227040087
-1.723911864
6.05713806
-0.908367322
7.116475629
-7.510108068
-1.603053767
5.241503231
9.20886311
-0.202229247
-2.038038989
4.31090196
1.994937067
5.082563993
-7.990045741
2.976774247
-5.246849266
-2.225131064
1.148544648
2.354675603
3.806739981
4.267508924
0.72827423
1.711742879
9.682516776
3.008771512
2.737748938
-0.153238203
-9.326460005
3.988204105
-1.871264958
